	& const_over_trans	& supp_over_trans	& snc_over_trans	& melmean_over_trans	& new_over_trans	& norm_over_trans	& nnc_over_trans	\\ 
& 1.00	& 0.13	& -0.13	& 0.00	& 0.17	& 0.09	& -0.05	\\ 
& 0.13	& 1.00	& 0.96	& 0.15	& 0.62	& 0.28	& 0.26	\\ 
& -0.13	& 0.96	& 1.00	& 0.15	& 0.57	& 0.25	& 0.27	\\ 
& 0.00	& 0.15	& 0.15	& 1.00	& 0.12	& -0.15	& -0.18	\\ 
& 0.17	& 0.62	& 0.57	& 0.12	& 1.00	& 0.15	& -0.00	\\ 
& 0.09	& 0.28	& 0.25	& -0.15	& 0.15	& 1.00	& 0.64	\\ 
& -0.05	& 0.26	& 0.27	& -0.18	& -0.00	& 0.64	& 1.00	\\ 
